1024
1024
512
512
1024
1024
512
512
1024
1024
512
512
1024
1024
512
512
1024
1024
512
512
1024
1024
512
512
1024
1024
512
512
1024
1024
512
512
1024
1024
512
512
1024
1024
512
512
1024
1024
512
512
1024
1024
512
512
1024
1024
512
512
1024
1024
512
512
1024
1024
512
512
1024
1024
512
512
1024
1024
512
512
1024
1024
512
512
1024
1024
512
512
1024
1024
512
512
1024
1024
512
512
1024
1024
512
512
1024
1024
512
512
1024
1024
512
512
1024
1024
512
512
1024
1024
512
512
1024
1024
512
512
1024
1024
512
512
1024
1024
512
512
1024
1024
512
512
1024
1024
512
512
1024
1024
512
512
512
-512
1024
-1024
512
-512
1024
-1024
512
-512
1024
-1024
512
-512
1024
-1024
512
-512
1024
-1024
512
-512
1024
-1024
512
-512
1024
-1024
512
-512
1024
-1024
512
-512
1024
-1024
512
-512
1024
-1024
512
-512
1024
-1024
512
-512
1024
-1024
512
-512
1024
-1024
512
-512
1024
-1024
512
-512
1024
-1024
512
-512
1024
-1024
512
-512
1024
-1024
512
-512
1024
-1024
512
-512
1024
-1024
512
-512
1024
-1024
512
-512
1024
-1024
512
-512
1024
-1024
512
-512
1024
-1024
512
-512
1024
-1024
512
-512
1024
-1024
512
-512
1024
-1024
512
-512
1024
-1024
512
-512
1024
-1024
512
-512
1024
-1024
512
-512
1024
-1024
512
-512
1024
-1024
512
-512
1024
-1024
1000
999
996
990
981
971
957
942
924
904
882
858
832
804
774
741
708
672
635
596
556
515
472
428
383
337
291
243
196
147
99
50
1
-49
-98
-146
-195
-242
-290
-336
-382
-427
-471
-514
-555
-595
-634
-671
-707
-740
-773
-803
-831
-857
-881
-903
-923
-941
-956
-970
-980
-989
-995
-998
0
-49
-98
-146
-195
-242
-290
-336
-382
-427
-471
-514
-555
-595
-634
-671
-707
-740
-773
-803
-831
-857
-881
-903
-923
-941
-956
-970
-980
-989
-995
-998
-1000
-998
-995
-989
-980
-970
-956
-941
-923
-903
-881
-857
-831
-803
-773
-740
-707
-671
-634
-595
-555
-514
-471
-427
-382
-336
-290
-242
-195
-146
-98
-49
