0
1
2
3
4
5
6
7
8
9
10
11
12
13
14
15
16
17
18
19
20
21
22
23
24
25
26
27
28
29
30
31
32
33
34
35
36
37
38
39
40
41
42
43
44
45
46
47
48
49
50
51
52
53
54
55
56
57
58
59
60
61
62
63
1519835040
1774381054
-2136379117
-889411561
973252368
1963024780
-1885062761
-896157694
-1137763238
-680451963
-264790092
-631668067
-1040406826
1162944052
-718841082
-1688542051
-865616315
1712313198
893308858
-1463607790
2068049742
456385436
1210579019
2050018620
1850087136
-58703707
1933239298
177410373
560459132
1303528315
-940068582
-1004768207
-2131209574
-628907774
-48393429
-590924225
1218595182
-934396870
-916684123
513931301
1455095274
-994054535
1967559612
-2077165750
1034998956
-1756968225
-395210084
-1906278690
-748340495
-914537436
-2119741669
709228652
365790400
-1632606702
1295360409
-149647481
-388774329
-33455838
1135679444
1694855316
1424585418
417099619
1385995770
-2048593071
-1410713239
1141370107
1427178895
1341889696
-521865830
-213098798
1224672992
-1049716491
680774392
-921822492
-1406055617
1261849456
692894397
-1645313989
30619844
-1025715302
1092552681
-1320211204
1070991825
724069663
272490595
-431802065
2051763839
-1455460806
-421007454
-1522542015
864287925
-928349401
-1340125050
1721588803
-376038687
-81148468
2105118246
1688664005
-543281827
-249146917
1857428441
-438452866
342513454
-312491854
-244573903
1627139857
1145657284
1033285840
1226685044
-520851642
-309493517
809618094
1550167827
1369466154
159417442
324863925
-403946591
120151255
-1450524640
2028211601
-1971124468
-917876238
660703487
1103239932
1796044894
492667980
-398047315
585208085
109121801
2915751161
-709200222
452478135
451386538
1749925982
-660389769
-1945874185
-456988846
-1602274455
-1670845709
630181389
-347512429
-482369937
-688221238
-2714257353
226936366
392101994
1964300683
-739538127
2340540337
24583371
3262342858
594557814
1429079682
-1581245722
2797527223
-750939028
-779665918
3025117118
-1316107269
-1085916675
-26091328
1059756231
-591675256
-840071142
3076023623
-1372849736
-574170669
201439447
1210521371
633085322
3113216896
-1043879910
2261684000
-2277819867
-704703601
-1096660596
801827332
454928718
-1960324227
1034092577
-38156191
-1512455447
-155164231
1878564120
-2359898797
-951332076
1796382931
2798095248
3220630312
909767599
987948455
-1463384986
2930548279
633010947
-3563558012
-2231301257
1495118198
2176123578
-3109735753
153558797
-1818537630
241370529
1141265525
-1893517523
-1733301223
2808258041
-749460926
-662826749
-1958168996
3032524402
-177682967
-2187677453
1795559147
888187501
-841184820
3505479426
2271094590
1463838308
1068951373
1105759774
1900584182
-418060488
-564029895
-923619739
-4236327820
-2317571779
494888398
-341777308
-638833259
-495944004
-1259197577
826423155
1699669177
-2621194392
821902328
-3110451590
-191686088
-1236116583
-85716567
-2715896784
-2298508322
-2284003590
-2279159111
384364727
769736991
-1752757957
2745885049
-2177859082
1582350139
884420400
474975957
591615384
-371459476
-75568361
1784043085
-2633801156
-120694955
133851059
-3776909112
-2529941556
-667277627
322494785
-3525592756
-2536687689
-2778293233
-2320981958
-1905320087
-2272198062
-2680936821
-477585943
-2359371077
-3329072046
-2506146310
71783203
-747221137
-3104137785
427519747
-1184144559
-429950976
409488625
209557141
-1699233702
292709303
-1463119622
-1080070863
-337001680
-2580598577
-2645298202
-3771739569
-2269437769
-1688923424
-2231454220
-421934813
-2574926865
-2557214118
-1126598694
-185434721
-2634584530
327029617
-3717695745
-605531039
-3397498220
-2035740079
-3546808685
-2388870490
-2555067431
-3760271664
-931301343
-1274739595
-3273136697
-345169586
-1790177476
-2029304324
-1673985833
-504850551
54325321
-215944577
-1223430376
-254534225
-3689123066
3160365035
3414911049
-495849122
751118434
2613782363
3603554775
-244532766
744372301
502766757
960078032
1375739903
1008861928
600123169
2803474047
921688913
-48012056
774913680
3352843193
2533838853
176922205
3708579737
2096915431
2851109014
3690548615
3490617131
1581826288
3573769293
1817940368
2200989127
2944058310
700461413
635761788
-490679579
1011622221
1592136566
1049605770
2859125177
706133125
723845872
2154461296
3095625269
646475460
3608089607
-436635755
2675528951
-116438230
1245319911
-265748695
892189500
725992559
-479211674
2349758647
2006320395
7923293
2935890404
1490882514
1251755666
1607074157
2776209439
3335385311
3065115413
2057629614
3026525765
-408063076
-2144051412024094560
2025225493462752778
-3048995187501135715
-1193492209209175456
-507907154825785440
-418318221062214440
-2308585451621650912
940711509928331754
-774560076589401296
627255924218951796
372309596182546764
-797070006716521552
-720892060335953922
-1913408117179943428
-22010801791631208
1731963419781164402
-945731425670590515
-2260615068756670392
956726484118085850
-1059753999269474770
563524104687176490
-197068173700725340
2483822255436293941
-2983721752980207720
-778900474805511744
89378860343749605
1670875381396876650
-164698813505736573
-751085322294456600
2244139751497456945
353502155265231834
81535400693156876
-4486448160277287204
-1062013920418474870
26291270521914783
147226948839364325
2263453349112371262
409688985632929420
-313976645195690842
-160599345078122054
-355878330399034422
-1617465753930101495
2254149001192013808
-2146305956807980000
1269617739880814064
915119784933075450
122314958851025428
-1543357719630616860
-1160053358990254365
-1252428065167941144
-337923794572790698
230402803611179100
-147759785100526400
-196159744166711010
-1878952190934977760
-303516757024627081
766322592422181972
30708318722577444
750347368765021228
1869832063573678512
2558619366065755692
205491626751499620
-551691894849857550
-1198853228024179035
-1
1
-1
0
-1
-9
-1
0
-1
0
0
0
-1
0
-23
1
0
-1
0
-2
7
-1
0
-1
-4
0
2
0
0
0
2
12
-1
0
0
2
0
2
-2
-1
-5
0
1
-2
0
3
1
-2
0
0
-13
2
0
-13
0
0
0
0
1
1
0
0
-3
-3
-2493334970572024800
-2910925341646714730
3504794022130114415
1459106343720272195
-1596649702408778160
-3220401032518276100
3092502001878016195
1470173577257031530
1866534719147323810
1116301855458130185
434396088304809540
1036270410797169665
1706818605055745870
-1907844599812839740
1179280356659254590
2770103882484319745
1420069528918868425
-2809101162153374010
-1465499976348195710
2401092480410661050
-3392697632903011290
-748713997039152820
-1985991191987174905
-3363117036418506900
-3035123439971644320
96305192151191465
-3171537055881743510
-291047038330638135
-919450017017664340
-2138477300089308425
1542210706128117090
1648352381605868965
3496313231778172130
1031742067335681130
79390871835402855
969428915884628875
-1999141947833484090
1532906092469115650
1503847799721769385
-843119714659873495
-2387127442579743630
1630776281333277325
-3227840560436561940
3407652717461671250
-1697946832111685220
2882359073374408875
648353997128469580
3127307369774306550
1227675028520647525
1500326095308392820
3477499789645861655
-1163510876919416740
-600090123083048000
2678340264669026490
-2125077605299967955
245501181256692595
637795948010498355
54885305746860810
-1863116192586922780
-2780460983083203420
-2337075108668612910
-684264435872571905
-2273767633628121150
3360778380524664645
0
-1
1
0
0
-1
1
0
0
0
0
0
0
0
0
1
0
-1
0
0
-1
0
0
-1
-1
0
-1
0
0
0
0
0
1
0
0
0
0
0
0
0
0
0
-1
1
0
1
0
1
0
0
1
0
0
0
0
0
0
0
0
-1
0
0
0
1
1519835040
-1410713239
1774381054
1141370107
-2136379117
1427178895
-889411561
1341889696
973252368
-521865830
1963024780
-213098798
-1885062761
1224672992
-896157694
-1049716491
-1137763238
680774392
-680451963
-921822492
-264790092
-1406055617
-631668067
1261849456
-1040406826
692894397
1162944052
-1645313989
-718841082
30619844
-1688542051
-1025715302
-865616315
1092552681
1712313198
-1320211204
893308858
1070991825
-1463607790
724069663
2068049742
272490595
456385436
-431802065
1210579019
2051763839
2050018620
-1455460806
1850087136
-421007454
-58703707
-1522542015
1933239298
864287925
177410373
-928349401
560459132
-1340125050
1303528315
1721588803
-940068582
-376038687
-1004768207
-81148468
-2131209574
2105118246
-628907774
1688664005
-48393429
-543281827
-590924225
-249146917
1218595182
1857428441
-934396870
-438452866
-916684123
342513454
513931301
-312491854
1455095274
-244573903
-994054535
1627139857
1967559612
1145657284
-2077165750
1033285840
1034998956
1226685044
-1756968225
-520851642
-395210084
-309493517
-1906278690
809618094
-748340495
1550167827
-914537436
1369466154
-2119741669
159417442
709228652
324863925
365790400
-403946591
-1632606702
120151255
1295360409
-1450524640
-149647481
2028211601
-388774329
-1971124468
-33455838
-917876238
1135679444
660703487
1694855316
1103239932
1424585418
1796044894
417099619
492667980
1385995770
-398047315
-2048593071
585208085
1519835040
-2136379117
973252368
-1885062761
-1137763238
-264790092
-1040406826
-718841082
-865616315
893308858
2068049742
1210579019
1850087136
1933239298
560459132
-940068582
-2131209574
-48393429
1218595182
-916684123
1455095274
1967559612
1034998956
-395210084
-748340495
-2119741669
365790400
1295360409
-388774329
1135679444
1424585418
1385995770
-1410713239
1427178895
-521865830
1224672992
680774392
-1406055617
692894397
30619844
1092552681
1070991825
272490595
2051763839
-421007454
864287925
-1340125050
-376038687
2105118246
-543281827
1857428441
342513454
-244573903
1145657284
1226685044
-309493517
1550167827
159417442
-403946591
-1450524640
-1971124468
660703487
1796044894
-398047315
1774381054
-889411561
1963024780
-896157694
-680451963
-631668067
1162944052
-1688542051
1712313198
-1463607790
456385436
2050018620
-58703707
177410373
1303528315
-1004768207
-628907774
-590924225
-934396870
513931301
-994054535
-2077165750
-1756968225
-1906278690
-914537436
709228652
-1632606702
-149647481
-33455838
1694855316
417099619
-2048593071
1141370107
1341889696
-213098798
-1049716491
-921822492
1261849456
-1645313989
-1025715302
-1320211204
724069663
-431802065
-1455460806
-1522542015
-928349401
1721588803
-81148468
1688664005
-249146917
-438452866
-312491854
1627139857
1033285840
-520851642
809618094
1369466154
324863925
120151255
2028211601
-917876238
1103239932
492667980
585208085
